Reacoes de apoio [N]
[[-1.84059575e+71]
 [ 1.95274791e+70]
 [-7.50670417e+70]]

Deslocamentos [m]
[[-3.52258605e+61]
 [ 5.49492063e+61]
 [ 4.22471639e+61]
 [-5.92143919e+61]
 [ 4.07364965e+60]
 [ 2.07082573e+61]
 [-5.12712735e+61]
 [-6.52716198e+61]
 [ 2.93620427e+61]
 [ 6.92279109e+61]
 [ 2.45452750e+61]]

Deformacoes []
[[-4.30625411e+58]
 [ 2.20037312e+59]
 [ 1.59434886e+60]
 [ 1.23216865e+59]
 [ 2.61892498e+59]
 [-4.87075195e+59]
 [ 2.35977219e+59]
 [ 5.71425672e+57]
 [ 1.81014495e+60]
 [ 3.94877857e+59]
 [ 1.65539932e+59]]

Forcas internas [N]
[[-4.36647707e+70]
 [ 2.23114534e+71]
 [ 1.61664583e+72]
 [ 1.24940053e+71]
 [ 2.65555065e+71]
 [-4.93886941e+71]
 [ 2.39277361e+71]
 [ 5.79417060e+69]
 [ 1.83545983e+72]
 [ 4.00400224e+71]
 [ 1.67855008e+71]]

Tensoes internas [Pa]
[[-8.31709919e+69]
 [ 4.24980064e+70]
 [ 3.07932538e+71]
 [ 2.37981053e+70]
 [ 5.05819171e+70]
 [-9.40737031e+70]
 [ 4.55766402e+70]
 [ 1.10365154e+69]
 [ 3.49611396e+71]
 [ 7.62667093e+70]
 [ 3.19723825e+70]]