Reacoes de apoio [N]
[[3900.]
 [2900.]
 [1600.]]

Deslocamentos [m]
[ 1.00473774e-06 -4.31173337e-06  3.59768636e-07 -4.66312908e-06
  2.59742559e-07 -4.43927765e-06  5.58588145e-07 -4.63758828e-06
 -3.24272590e-07 -4.24778497e-06  1.16451427e-06]

Deformacoes []
[[-6.39516081e-09]
 [ 1.87379498e-09]
 [-7.55612407e-10]
 [-4.49315178e-09]
 [ 7.55612407e-10]
 [ 1.03551828e-09]
 [ 1.91125491e-09]
 [-3.77645272e-09]
 [-1.91125491e-09]
 [ 3.15586522e-09]
 [-3.52836459e-09]]

Forcas internas [N]
[[-6484.59713475]
 [ 1900.        ]
 [ -766.17964604]
 [-4555.98850416]
 [  766.17964604]
 [ 1050.        ]
 [ 1937.98381056]
 [-3829.26641147]
 [-1937.98381056]
 [ 3200.        ]
 [-3577.708764  ]]

Tensoes internas [Pa]
[[-1235.161359  ]
 [  361.9047619 ]
 [ -145.9389802 ]
 [ -867.80733412]
 [  145.9389802 ]
 [  200.        ]
 [  369.13977344]
 [ -729.38407837]
 [ -369.13977344]
 [  609.52380952]
 [ -681.468336  ]]