Reacoes de apoio [N]
[[3901.16523972]
 [2898.60714023]
 [1598.45179764]]

Deslocamentos [m]
[[ 1.00331242e-06]
 [-4.30777697e-06]
 [ 3.59020514e-07]
 [-4.65884448e-06]
 [ 2.58763748e-07]
 [-4.43517592e-06]
 [ 5.57320146e-07]
 [-4.63351390e-06]
 [-3.24913949e-07]
 [-4.24412998e-06]
 [ 1.16265996e-06]]

Deformacoes []
[[-6.39208924e-09]
 [ 1.86989851e-09]
 [-7.54427254e-10]
 [-4.49026749e-09]
 [ 7.53993830e-10]
 [ 1.03281058e-09]
 [ 1.91045950e-09]
 [-3.77333705e-09]
 [-1.91127061e-09]
 [ 3.15281153e-09]
 [-3.52495045e-09]]

Forcas internas [N]
[[-6481.48260562]
 [ 1896.04904075]
 [ -764.9779187 ]
 [-4553.06387976]
 [  764.53843393]
 [ 1047.25443799]
 [ 1937.17727414]
 [-3826.10716513]
 [-1937.99972874]
 [ 3196.90359527]
 [-3574.24687827]]

Tensoes internas [Pa]
[[-1234.56811536]
 [  361.15219824]
 [ -145.71007975]
 [ -867.25026281]
 [  145.62636837]
 [  199.47703581]
 [  368.98614745]
 [ -728.78231717]
 [ -369.14280548]
 [  608.93401815]
 [ -680.80892919]]